2.8673
2.8673
4.80051
2.48518
4.12667
3.901
3.27651
4.55382
5.1612
3.22896
3.97503
4.03804
3.84131
3.42629
3.84131
3.901
6.93377
2.6951
4.80051
3.65431
2.38096
5.01625
4.01351
4.26169
7.22927
4.81172
3.65431
4.03804
2.48518
2.65683
4.38971
5.54494
2.8673
6.1061
2.48518
2.99483
3.65431
3.22896
3.07884
3.6127
2.86892
3.25104
3.3847
2.6951
5.01625
3.25104
2.47255
4.8641
6.01935
5.71667
3.02305
2.48518
2.62765
4.55382
5.65051
3.09257
4.93756
4.80051
2.48518
3.80304
3.901
3.80304
5.1612
2.48518
4.79609
4.59316
4.03804
3.99208
3.25104
4.06231
4.59458
3.49019
3.65431
4.60018
4.17603
3.78698
3.84131
3.11561
4.202
3.84551
3.25104
3.46339
3.25104
4.55382
5.0638
3.3847
3.11561
6.10041
6.44578
3.15669
3.96459
6.98258
3.76682
3.901
3.65431
2.12353
3.52846
5.18425
3.63139
4.03804
4.30924
2.48518
4.55382
3.96273
3.89435
5.17983
2.48518
2.38096
3.99208
4.44605
8.3486
3.70186
6.55003
4.59502
3.38468
2.48518
3.85939
4.15056
3.56334
4.38971
3.59462
4.8641
3.3847
3.76682
2.17049
3.65431
3.07551
3.76682
3.114
3.65431
2.12353
3.30249
6.32405
3.47469
6.32405
3.901
4.73586
4.12847
4.80051
3.114
3.47565
5.0638
4.12847
2.9589
2.37022
4.74025
4.18678
6.55003
3.22896
2.48518
5.54494
3.901
2.72523
4.70955
2.38096
2.6951
5.1612
4.42798
4.94094
5.17983
1.82571
4.80051
3.65431
4.6896
2.6951
3.64795
4.73586
3.6127
4.96183
4.23044
4.17603
2.65683
6.69043
2.9589
3.76682
2.8673
3.22896
4.55382
2.9589
3.63504
4.09661
3.4763
3.42629
3.94009
4.93756
4.80051
5.56362
3.65431
4.32581
9.15607
4.26169
4.38971
4.51221
3.74277
2.90352
2.48518
6.07934
3.76682
3.84551
3.901
3.01139
3.3847
4.80051
5.20089
4.07912
2.48518
2.8673
4.03804
2.98869
4.96183
3.3847
4.07912
4.32581
6.02324
3.15669
3.42629
4.3742
3.80304
4.57012
3.42629
3.51125
3.89435
2.48885
3.65431
3.65431
5.97407
2.72523
5.46963
4.6018
1.82571
4.28474
2.38096
3.3847
2.8673
4.30974
5.01625
3.67331
3.4763
1.82571
3.41964
4.80051
2.48518
2.65683
5.38718
4.55382
2.8673
3.63139
3.85841
4.80051
3.28726
4.81716
2.6951
3.114
5.38718
4.53521
3.3847
4.12847
3.84551
9.52161
5.67319
3.31854
3.04057
4.06231
3.29373
2.48518
2.8673
2.48518
8.5434
4.50407
4.01417
2.48518
4.44605
3.93831
2.8673
4.18678
4.03804
6.10041
3.83634
4.93756
5.47265
5.49268
1.90639
7.92551
2.12353
7.41675
3.1796
4.06231
2.48518
5.46963
2.9418
4.32581
4.26169
5.54494
4.60018
4.75794
5.44754
4.12847
4.26169
3.76682
2.47255
2.48518
3.65431
5.38718
4.55382
5.71667
4.37517
4.38971
3.901
1.63718
3.47639
3.25104
4.3967
5.38718
2.38096
4.26169
3.76682
4.55382
3.65431
2.8673
2.48518
4.01351
3.97304
2.48518
2.73188
4.61418
3.02305
3.76682
3.90046
3.65431
3.65431
2.75396
4.23044
3.65431
4.37517
2.48518
4.57591
4.01513
3.55635
2.17049
2.41718
4.8714
4.06231
3.3847
3.07551
1.90639
3.65431
2.8673
2.73188
6.65788
3.25104
2.8673
2.8673
2.9418
7.43075
3.10174
7.91196
4.79609
2.8673
3.70186
4.01351
3.901
6.67333
3.65431
2.38096
4.48766
3.47469
2.6951
2.8673
3.68623
3.3847
4.34647
2.73188
3.46339
4.15056
3.83634
1.90639
3.88389
3.65431
2.9589
6.76323
2.72523
3.76844
4.80051
3.65431
5.54494
3.76682
3.27651
3.22896
4.60018
2.8673
3.27651
2.8673
3.22896
4.65746
8.58749
3.42629
2.8673
4.81716
4.73586
5.38718
7.76071
4.03804
2.25717
4.93756
4.60018
3.09257
3.90046
5.07024
3.42629
3.02305
5.38718
5.28945
5.1612
3.29265
3.29265
4.96002
3.5232
7.77314
7.28821
3.42629
4.59316
3.56628
3.55635
5.07551
4.19217
3.46339
4.37517
5.01625
4.10511
3.70066
3.22896
4.01513
3.31854
3.65431
2.48518
5.54626
4.58574
4.23044
4.0844
4.22505
3.65431
2.48518
4.3742
7.39636
3.76682
3.95324
3.6127
4.75891
2.90352
4.14169
2.6951
2.38096
4.55382
4.11864
2.99483
3.76844
4.93756
6.55003
4.01351
2.17049
2.48518
5.0638
4.73586
2.73188
3.3847
4.01296
2.85629
6.81038
3.65431
4.55382
2.8673
3.47639
3.22896
4.12847
5.69561
4.55382
3.83634
2.80392
4.63251
3.09257
9.17754
1.90639
3.65431
4.48885
3.55635
5.34557
3.30249
3.42629
3.96273
4.26169
4.55382
3.22896
2.48518
1.82571
4.79609
8.20375
3.1796
3.21432
4.39725
4.80051
5.46589
3.76682
5.07551
2.6951
3.09257
1.90639
3.65431
3.65431
3.59462
4.51221
4.3742
4.98392
2.6951
3.49774
2.86892
3.65431
2.12353
3.65377
7.57547
3.3847
2.48518
2.6951
3.89435
3.52846
2.99483
6.28057
4.32581
5.45829
3.84713
3.65431
4.37336
2.8673
2.47255
4.47713
2.52013
3.80304
2.9589
5.54626
4.22505
5.42454
6.3471
3.79226
2.38096
5.69561
4.12847
4.91247
3.49774
4.15056
3.3847
7.2916
4.54802
3.07551
4.75891
2.72523
4.15056
3.65431
3.96273
4.70955
3.3847
3.11561
5.07551
4.60018
3.07884
3.30591
4.73586
4.12033
2.47255
4.01351
4.55382
5.24413
3.22896
2.38096
4.46285
4.06231
5.1612
2.48518
2.6951
2.73188
3.59462
2.38096
2.48518
6.25166
4.12847
5.96336
3.901
5.0638
3.97836
3.55635
4.95571
5.38718
3.80304
6.83008
3.42629
5.06385
2.48518
4.93756
3.02305
4.28474
3.97503
4.26169
5.06385
3.33092
5.06385
2.7647
2.38096
3.65431
3.33092
5.3688
4.37336
3.07884
3.65431
4.80051
4.17603
1.82571
5.34557
8.11805
3.65431
5.10894
4.26169
4.53521
4.75794
1.82571
3.47565
4.03804
2.65683
3.901
5.18425
4.73586
3.65431
4.59985
4.8714
2.8673
4.01351
5.1612
3.99208
2.9418
5.0638
2.75396
7.19077
4.3742
3.3847
3.90046
3.75795
5.54494
4.93756
4.01351
3.1796
4.19217
7.19173
6.37205
4.69177
3.72308
4.48766
4.3742
5.8524
2.98834
11.5663
4.30924
7.48731
4.32581
4.86225
1.35101
3.76682
4.32581
3.65431
5.69561
2.48885
2.8673
4.32581
3.07551
2.62765
2.65683
4.63251
2.37022
2.73188
3.76682
3.76682
4.0844
3.22896
2.48518
5.44759
3.65348
4.55382
3.901
4.34647
3.76844
3.901
4.32581
5.17983
3.65431
4.48946
3.22896
3.78001
5.38718
5.17983
4.86225
3.22896
2.9589
3.07884
3.90046
3.65431
4.3742
5.69561
3.65431
3.20559
5.71667
4.22925
4.86225
3.65431
3.3847
2.64091
3.1796
4.48766
4.58574
2.8673
3.84131
5.06385
3.901
6.0812
3.63139
2.86892
3.31854
4.06231
3.70066
6.72637
4.3742
4.75891
5.67319
4.80051
3.99208
3.47469
2.48518
2.8673
4.01513
3.63139
3.04057
5.46963
4.07912
3.55635
3.31854
2.17049
4.21806
2.8673
2.47255
2.9418
3.59462
3.22896
3.901
4.15781
2.48518
3.901
4.55382
4.34647
3.65431
4.10511
4.60018
2.8673
4.77367
3.47469
5.10894
2.48518
2.8673
4.63251
3.901
4.80051
3.65431
4.22008
2.8673
4.19217
3.3847
5.43473
7.05008
6.59159
5.18425
4.12847
4.37517
3.3847
2.48518
4.55382
6.97371
2.9589
5.18425
5.22329
2.48518
3.70066
3.65431
4.6018
9.84869
3.84551
3.65431
3.42629
4.93756
3.96273
3.42629
5.71667
4.80051
4.38993
8.7134
5.32125
4.18678
6.69043
3.65431
3.22896
2.38096
3.47565
3.6127
4.55382
2.48518
5.67319
7.03402
5.28945
3.51125
3.6127
4.64543
4.83782
3.59462
3.1796
7.75413
3.67331
4.15056
3.04057
2.37022
7.21382
2.9418
5.33105
6.77087
4.65746
3.59462
4.70955
2.65683
2.47255
2.48518
3.07884
4.20942
3.46339
2.48518
2.86892
4.38993
3.79226
3.09257
4.15056
3.85939
4.79609
3.3847
3.99208
2.38096
5.07455
3.65431
3.11561
5.33742
3.65431
4.12847
2.21924
3.67331
3.94009
3.49019
4.4658
3.33092
2.48518
3.47639
3.85939
8.53324
4.10511
4.51221
3.42629
2.99483
4.65746
5.38718
3.84131
3.47565
5.65051
5.18425
2.8673
3.70066
6.80705
4.12847
3.80304
3.65431
3.4763
3.65431
2.48518
2.48518
3.901
4.32581
5.18425
5.10894
3.85939
3.22896
2.8673
2.73188
4.69177
4.81172
5.07455
2.8673
4.30974
1.31973
2.99483
6.80865
2.8673
3.3847
2.86892
2.65683
2.43309
3.52846
3.65348
4.81172
2.86892
4.12847
2.48518
3.65431
3.65348
3.901
5.32468
3.72308
5.24599
2.90352
3.65431
4.80051
4.93756
4.79609
4.86225
4.75891
3.07551
3.84131
3.42629
3.70186
3.96273
7.53097
5.70001
8.10602
3.96273
3.09257
3.70228
2.12353
5.96336
3.28726
4.79609
2.9589
3.47639
4.55382
3.65431
4.77367
3.31854
2.75396
4.22008
9.32311
4.60137
4.15056
4.73586
3.30591
4.80051
2.38096
3.38468
4.8714
4.70955
3.81003
3.11561
4.81716
3.901
4.06231
2.9418
3.07994
4.79609
2.9418
3.76682
7.19236
2.8673
3.29373
4.12847
4.72822
3.47565
2.47255
7.7784
4.17603
3.85939
4.69177
2.6951
2.8673
3.76682
3.47565
6.9803
4.63251
2.47255
5.17983
2.48518
3.47565
4.26169
2.73188
2.48518
2.25717
4.42798
3.22896
3.80304
3.114
3.22896
5.0412
3.70066
3.65431
4.86225
3.63139
2.48518
3.83634
3.47565
3.76682
4.48885
4.01351
3.114
2.8673
3.3847
2.8673
3.3847
4.3742
3.76682
4.26169
3.95324
3.114
2.38096
4.96002
3.22896
3.76682
3.47565
4.37517
9.32311
4.83782
3.65431
2.9589
3.70066
3.65431
5.71667
3.65431
3.26974
7.4322
3.85939
3.901
2.48518
4.55382
3.47565
3.47639
1.82571
3.80304
2.8673
3.49774
5.38718
6.229
5.12211
3.97836
9.17383
4.59316
8.58976
4.12847
3.27651
3.31854
3.22896
4.26169
3.65431
3.901
4.55382
3.65431
3.55635
2.72523
5.05991
2.8673
3.84131
4.3742
3.65431
3.09257
3.00094
4.98392
3.22896
3.99208
5.49268
3.65431
5.02036
3.76682
3.47469
1.90639
2.12353
3.22896
3.26974
2.38096
2.65683
3.83634
5.54494
3.65431
2.73188
3.83634
2.8673
4.26169
2.38096
4.01296
4.80051
3.65431
3.04057
3.96459
3.07884
4.12847
5.0412
3.901
3.46339
1.31973
4.60018
4.80051
4.80051
2.01048
4.6018
2.7647
2.38096
3.09257
3.63504
2.48518
3.47469
3.50032
4.28474
4.55382
3.38307
3.31854
4.41077
4.55382
4.37517
5.10894
5.71667
3.33092
3.901
3.65431
3.63043
2.38096
3.11561
2.64091
4.32581
4.70955
6.08375
3.47469
2.38096
4.75891
3.76682
4.26169
2.8673
4.23044
3.3847
4.73586
3.3847
2.72523
4.23044
4.20717
7.01262
3.3847
3.70186
4.53521
3.65431
3.47565
3.46339
4.70955
3.65431
3.32554
4.80051
3.76682
3.97836
3.07884
4.55382
2.48518
5.69561
4.8714
3.85939
3.47469
2.48518
5.22329
4.80051
3.74472
3.85939
3.3847
6.86099
7.7784
2.48518
8.93937
3.65348
4.21806
4.12847
2.01048
4.16428
2.52013
4.60018
5.1612
3.55635
3.22896
4.55382
3.76682
3.70186
4.55382
4.80051
3.65431
3.49774
3.3847
2.6951
2.99483
4.03751
3.76682
5.15885
3.901
3.07884
2.73188
3.78698
4.37517
7.84147
4.93756
6.12281
3.47469
4.8641
4.42798
3.65431
2.48518
3.3847
4.55382
2.48518
3.81003
4.26169
3.22896
2.8673
3.55635
4.55382
3.65431
4.26169
4.26169
4.12847
2.52013
4.70955
2.12353
2.8673
4.55382
2.8673
2.6951
3.59462
3.51738
2.48518
1.90639
6.82951
2.8673
6.84956
4.01351
3.89435
3.22896
2.6951
3.89435
5.16616
2.86892
4.93756
1.31973
6.55003
6.10176
3.3847
3.3847
4.57012
4.01351
2.72523
5.38718
5.38718
2.73091
3.59462
2.12353
4.01513
5.18425
4.11864
2.86892
2.8673
4.0844
2.65683
2.6951
4.28474
3.84131
4.81172
3.114
5.40926
6.26983
3.76682
3.76682
5.96336
3.30249
4.42798
2.12353
4.26169
6.07934
2.7647
4.73586
3.85841
4.69177
5.18425
4.55382
5.71667
3.59462
4.07912
7.05487
3.3847
2.50727
5.33836
3.65431
7.67882
4.16373
4.03804
2.8673
5.71667
2.65683
4.26169
4.44605
3.76844
2.8673
3.22896
4.51221
3.04057
3.34264
2.8673
2.8673
3.65431
3.3847
3.65431
3.43225
3.65431
3.97503
3.22896
2.7647
2.48518
1.82571
3.31854
3.89435
5.1612
3.48548
3.65431
4.55382
4.80051
3.33092
4.70955
4.53521
4.06231
3.31854
3.50032
3.85939
3.22896
5.10894
4.7129
3.09257
3.30249
3.70228
2.98834
4.39725
2.8673
3.07884
3.09257
5.54692
4.01351
3.07884
3.09257
2.8673
5.89683
1.90639
3.76844
3.901
6.44796
3.11561
3.32554
2.9418
3.07551
2.47255
3.6127
4.44605
3.65431
3.65431
2.75396
4.80051
3.52846
3.70066
4.93756
5.0412
3.65431
3.09257
4.3742
4.26169
4.12667
6.26331
3.1796
4.55382
2.86892
3.85841
3.00384
2.7647
3.99208
3.70186
3.65431
2.25052
5.1612
4.28474
2.65683
6.07934
3.22896
6.27249
3.11561
3.65431
3.3847
3.51125
4.6018
4.55382
2.48518
4.01513
2.12353
2.71925
2.9418
8.54869
3.49019
4.60018
3.21432
6.61961
2.37022
3.84131
4.12847
4.73586
1.63718
4.01351
2.90999
3.97836
4.80051
3.34264
5.32653
2.73188
4.84807
4.28474
4.39725
4.60018
3.56334
2.6951
2.52013
2.48518
5.60703
3.76682
3.63139
2.6951
3.63139
2.48518
8.11805
3.63139
4.18678
3.65431
5.58505
4.80051
5.06385
3.76844
3.26421
3.22896
5.07551
2.8673
2.01048
3.3847
3.9122
2.12353
3.65431
2.90352
3.85841
2.47255
3.76682
3.47565
3.97304
2.8673
4.55382
4.69177
2.8673
3.65431
4.23044
3.67331
2.6951
3.3847
3.20559
4.60018
4.28474
4.26169
4.60018
3.48548
3.114
2.90999
4.28474
4.86225
3.55635
3.22896
4.55382
6.50655
2.80092
4.69177
3.6127
2.8673
3.22896
4.55382
4.32581
3.3847
3.65431
6.50655
3.79226
2.7647
3.63139
2.9418
4.83782
4.01351
6.8317
3.70186
2.8673
5.06385
4.3742
3.901
5.18425
3.47469
3.76682
5.38718
2.99483
4.15056
3.32554
3.07551
2.9418
3.47469
2.6951
5.29621
5.594
4.63251
2.47255
3.76844
3.3847
4.34461
3.31854
2.8673
3.8564
4.9599
2.38096
4.43886
3.71466
4.48766
4.80051
3.3847
3.70186
4.81716
3.76682
3.114
4.75891
2.6951
3.4763
3.00094
3.65431
3.85841
4.23044
3.76682
4.60137
2.48518
5.1196
4.15781
4.21806
3.29265
3.70186
3.33092
5.00379
3.52846
3.3847
3.84131
3.31854
4.80051
3.89435
8.5434
3.76682
2.6951
3.86013
2.90352
4.58574
5.02528
4.75891
3.65431
3.07551
3.96273
3.3847
3.85939
4.86225
5.34557
4.55382
2.12353
7.97777
2.01048
3.76844
3.55635
2.98834
4.8641
4.63663
3.3847
3.76682
3.76682
4.21806
3.79226
3.3847
3.75795
4.84807
2.12353
4.60137
3.70066
3.70066
2.65683
3.02305
3.3847
2.6951
3.70066
3.83634
4.60137
5.01625
4.01351
6.12536
3.54042
3.15669
4.60137
2.8673
3.5232
6.74666
2.50727
3.67331
6.74192
3.114
3.11429
3.47565
7.91451
8.59095
4.21806
4.86225
3.94009
3.42629
3.3847
4.60018
4.80051
3.47565
3.49774
4.39725
4.55382
2.86892
5.02553
2.73188
2.48518
4.57012
4.48153
2.73091
4.20717
2.73188
7.32878
3.96273
3.07884
2.73188
3.76682
3.83634
2.9418
5.23028
3.901
2.6951
4.51221
3.07884
2.7647
4.18678
4.37517
5.18425
3.85841
3.22896
7.37039
2.80392
4.57197
3.65431
4.03804
3.55635
2.47255
4.37517
3.901
5.1612
4.8641
3.56628
2.99483
3.76682
2.48518
7.61708
4.15056
4.39725
3.65431
4.37517
5.87136
4.55382
3.85841
3.901
8.59095
3.8564
8.27955
4.53521
2.90352
4.32581
4.55382
2.12353
3.07551
4.80051
3.02305
2.72523
3.07551
3.76844
3.76682
4.57591
4.75794
2.73188
3.89435
3.89499
2.8673
4.32581
7.99322
4.0844
4.48766
3.47469
4.37582
5.9031
3.00094
2.6951
4.80051
2.73188
4.60018
4.44605
4.86225
5.54657
14.0024
4.86225
3.6127
3.65431
4.24215
3.22896
6.05836
2.38096
2.72523
3.85841
2.72523
4.93756
2.65683
5.10894
4.21806
4.54747
3.22896
5.12398
4.8641
3.75795
3.32554
3.21432
5.79536
4.55382
10.0708
1.90639
9.32311
4.93756
2.25717
3.02305
3.42629
3.70066
4.12847
4.28474
1.82571
4.39725
5.34557
3.65431
5.96336
3.92308
5.00938
4.60137
3.65431
4.37517
4.03804
4.01351
4.23044
3.3847
3.3847
4.98392
5.38718
2.6951
10.1124
3.22896
3.901
3.26974
2.62765
3.09257
3.901
3.901
2.12353
3.65348
4.202
1.82571
6.37292
4.60137
4.22505
2.12353
3.65431
4.8714
6.93377
3.71466
4.10511
3.15669
3.70066
4.91247
4.77367
4.37517
3.59462
5.38718
3.76682
4.96183
5.71667
13.9826
8.10602
2.48518
3.85939
4.65746
4.73586
2.38096
4.55382
3.59462
3.63139
3.07551
3.27651
8.81589
3.84551
3.51125
3.76844
2.50727
1.82571
4.4658
4.37517
4.32581
3.65431
4.63663
6.35781
3.3847
3.76682
2.72523
4.05705
2.8673
7.41794
3.63139
3.67639
2.8673
2.38096
3.40678
3.55635
4.86225
4.95624
3.33092
6.67498
2.6951
4.19217
2.98834
2.12353
4.73586
3.65377
4.34832
7.92551
5.29621
3.70186
3.07551
4.26169
2.48518
3.76682
2.9418
3.3847
2.48518
3.65431
4.03804
3.65431
4.94094
3.901
4.26169
3.84131
2.8673
4.77367
6.67498
4.51221
6.43379
3.6127
4.57197
3.65431
6.00288
3.41964
4.65746
3.85841
2.99483
4.55382
4.60018
8.36475
8.20375
6.55003
3.65431
4.6018
2.3312
3.76682
5.77092
4.19217
7.79985
3.32554
4.55382
3.04057
4.80051
4.24215
1.90639
3.96273
1.90639
2.8673
3.55635
4.12847
3.70228
2.6951
3.21432
3.58761
3.85939
3.79226
2.8673
4.23044
2.65683
2.48518
4.55382
2.48518
4.06231
3.65431
4.86225
3.65431
4.3967
3.47469
3.22896
3.70228
4.32581
3.25104
9.52161
7.0653
4.55382
2.8673
3.83634
4.55382
4.01351
5.10894
2.48518
2.73188
6.17172
4.41077
4.38993
3.89435
4.83782
4.96002
3.63516
3.76682
3.38468
3.09257
3.76844
3.76682
3.28726
4.80051
2.50727
9.05942
3.65377
3.47565
3.26421
3.02305
4.32581
4.39725
2.8673
2.38096
4.37582
2.72523
3.09257
3.11561
3.51125
2.8673
4.43886
3.3847
3.11561
4.57591
2.9589
3.901
2.47255
4.51221
5.85337
3.07551
2.01048
3.65431
1.82571
2.6951
1.82571
2.99483
7.63253
3.76844
3.11561
2.6951
4.63251
2.9589
2.6951
3.82819
3.22896
3.65431
3.22896
8.5434
4.55382
2.6951
4.55382
4.03804
2.6951
4.06231
2.62765
3.6127
2.86892
4.80051
4.79609
2.9589
3.76682
1.82571
8.92356
2.8673
2.6951
2.48518
4.26169
3.85841
2.47255
12.7574
4.86225
3.26421
2.48518
4.06231
3.8564
2.48518
3.901
2.6951
5.71667
4.55382
6.7916
3.81003
4.22008
2.48518
4.81716
3.70066
4.10682
5.38718
4.21806
4.26169
3.47469
2.8673
4.65746
3.6127
4.32581
4.55382
4.98392
2.90352
4.77344
8.10602
2.8673
3.22896
5.53614
3.75795
7.20622
3.49019
4.73586
3.65431
5.46963
3.901
5.38718
2.65683
3.65431
5.38718
4.83782
4.69348
3.26974
2.48518
4.51221
7.41675
4.53521
3.47565
3.3847
2.48518
4.48766
4.32581
3.84131
3.68965
3.65431
4.42798
3.07884
4.12847
3.901
3.3847
3.26974
4.91247
3.47565
5.85522
6.00288
5.06385
2.6951
2.17049
4.80051
3.47565
3.07884
4.80051
3.67639
2.86892
3.64795
4.26169
3.65348
6.07934
3.3847
4.41077
3.65431
2.86892
5.18425
9.14381
4.55382
4.96183
1.90639
5.65051
3.47565
4.30974
3.65431
5.1612
13.7359
3.65431
2.6951
4.38993
7.5065
6.35781
3.3847
3.70066
2.25717
3.02305
4.28474
4.86225
3.84131
2.52013
3.84551
3.84713
3.34264
3.96273
2.99483
2.48518
2.47255
9.27903
4.12847
3.26974
5.63561
2.99483
4.20942
4.15056
5.71667
4.63251
4.75891
4.06231
3.51738
1.90639
5.22156
4.75891
4.79794
4.55382
2.86892
3.54042
3.49019
2.9589
4.55382
2.48518
5.97407
4.15781
3.65431
4.55382
3.76844
3.04057
2.38096
3.30249
3.22896
2.71925
2.84383
4.61418
2.65683
3.83634
3.65431
2.12353
2.17049
3.07551
4.98392
3.6127
2.48518
3.15669
3.76682
3.65431
3.22896
3.97836
4.60018
3.49774
3.85841
3.65431
3.33092
3.99208
4.8714
3.49774
4.26169
4.38993
4.55382
2.8673
2.38096
3.22896
4.54155
2.90352
4.18678
4.17599
4.96183
5.85337
7.20622
4.93756
4.32581
3.36098
4.80051
3.55635
2.48518
3.901
5.77092
5.06385
4.12847
3.22896
4.55382
5.65051
2.9418
3.07551
2.48518
2.48518
4.57591
3.99208
5.1612
2.86892
3.3847
2.47255
3.3847
2.95689
2.48518
4.96183
3.84131
3.96459
3.04057
4.55382
4.15056
4.55382
4.75891
4.48766
4.01513
5.46963
4.61418
5.28945
6.30739
2.75396
4.22505
4.57197
4.81716
2.99483
2.38096
3.76682
4.54747
3.65431
4.55382
6.34552
8.00082
4.37517
2.37022
2.48518
3.22896
2.99483
4.44605
3.22896
4.69348
3.901
4.26169
4.96183
3.63139
5.42995
4.55382
4.55382
3.89435
3.3847
4.91247
2.6951
4.3742
2.9589
3.76682
3.22896
5.10894
4.03804
2.62765
4.3742
1.31973
4.30974
4.17603
3.47469
3.6127
4.94094
4.6018
3.07551
1.90639
4.60018
4.3742
3.07884
3.49019
1.63718
3.6127
4.55382
3.65431
3.22896
3.32554
5.28945
3.22896
2.55422
3.65431
4.34832
3.51125
3.76682
2.6951
4.86225
2.6951
6.96049
3.84131
3.84131
4.55382
3.65431
3.85843
4.6018
4.69177
3.85841
3.11561
3.22896
1.82571
4.93756
5.38718
5.18168
5.02553
4.05417
4.01513
4.96183
4.03804
2.48518
3.81003
3.07551
4.26169
3.6127
3.114
5.18425
2.72523
3.32554
3.42629
3.67639
3.80304
3.65431
2.65683
3.15669
4.10511
3.96273
4.37517
4.42798
2.86892
2.95755
3.1796
1.63718
3.22896
1.90639
4.12033
3.56334
4.28474
3.70228
3.70186
4.01296
5.38718
1.82571
3.42629
4.20717
4.21806
3.22896
4.70955
2.38096
4.51221
3.83634
4.80051
4.38971
3.07884
4.3742
4.55382
2.8673
6.53337
2.25052
4.32581
3.89435
3.67331
3.38836
5.38718
3.76682
4.80051
3.22896
4.95624
3.65431
5.97407
1.82571
3.02305
5.18425
3.76682
3.76682
6.07934
3.97304
2.72523
3.59462
3.09257
3.47565
2.48518
2.37022
2.21924
3.22896
3.76682
7.76958
4.6865
8.00309
2.98834
4.3742
2.6951
4.79609
3.63966
3.81003
4.73586
10.6455
4.22008
4.64543
6.55003
5.71667
2.48518
5.28945
2.48518
3.63043
3.76682
3.90046
3.63043
3.67331
3.07551
4.01351
2.8673
4.10511
4.24215
4.44605
3.76682
2.8673
4.65746
3.83634
3.96459
4.3742
2.48518
7.2113
3.6127
3.21432
3.76682
2.80591
1.35101
3.89435
4.26169
2.86892
5.71667
2.8673
3.22896
5.53614
3.70066
3.22896
3.42629
4.47713
3.85841
4.20717
3.96273
3.65431
3.76682
2.25717
3.96459
3.65431
3.55635
5.55725
4.48885
2.99483
3.02305
5.38718
5.1612
5.32125
2.99483
3.22896
3.02305
6.58145
3.36163
2.12353
3.22896
3.31854
4.06231
5.01625
4.93756
3.65431
2.65683
6.12281
3.76682
1.82571
3.07884
3.76682
3.97836
7.21382
3.60455
4.86225
2.73188
3.65431
4.86225
6.83008
3.4763
3.3847
4.60018
4.12847
3.3847
3.70186
3.16161
4.55382
2.48518
3.3847
4.80051
3.55635
4.9363
4.16373
4.01351
5.34557
4.55382
2.86892
4.99732
4.15056
1.82571
3.65431
3.22896
2.73188
1.82571
4.6018
2.62765
4.12847
4.61418
4.8714
4.87086
4.37517
1.90639
4.79609
3.57762
5.79536
4.70955
4.55382
4.94279
4.8714
3.96459
5.67319
3.85841
7.37039
3.114
3.76682
4.3742
3.70066
3.901
2.65683
3.59462
2.48518
5.18425
2.90999
3.04057
3.70186
2.7647
2.38096
5.1612
4.80051
3.07884
3.87393
5.77092
3.22896
6.1791
4.80051
13.9826
4.80051
5.71667
6.37292
4.55382
2.9589
3.31854
4.57591
4.10511
5.10894
3.49774
5.54494
4.47713
7.5087
3.59462
4.30924
6.83008
3.81003
6.55003
4.39725
3.84131
4.79609
2.73188
4.75794
4.55382
3.51125
3.114
4.20942
3.47565
3.28726
3.901
3.58761
2.86892
2.21924
3.22896
3.49774
3.3847
5.20089
4.75891
3.3847
3.33092
4.12847
3.09257
5.68194
4.86225
4.74025
3.59462
4.07912
4.81716
2.37022
5.24784
3.07551
4.15056
7.32063
3.70228
4.12847
3.3847
3.50032
4.38971
3.76844
6.67498
3.76682
4.80051
8.22293
4.6018
2.48518
4.01351
6.55003
4.51221
5.71667
4.47713
3.26421
4.51221
2.37022
2.48518
3.07884
4.38993
3.63139
3.99208
4.55382
4.80051
2.6951
2.12353
3.07994
3.21432
4.60137
3.65431
5.67665
4.3742
3.42629
5.32468
1.82571
3.22896
5.18425
4.06231
2.75396
2.71925
3.76682
2.61786
2.25052
2.48518
5.36814
4.73586
5.71667
2.9589
5.0412
3.65431
2.48518
4.22505
3.3847
2.48518
4.93756
2.9418
5.43473
2.90352
4.75891
5.43241
2.48518
5.06385
2.48518
3.25104
3.47639
4.05705
5.93672
4.37517
3.46339
2.48518
4.94094
2.9589
5.96336
3.65431
3.84131
4.65746
3.07551
2.8673
5.10894
4.21193
2.9418
3.63139
3.76844
3.22896
6.72747
3.22896
3.70186
4.51221
7.04616
3.3847
3.76682
5.34557
2.8673
3.26974
2.6951
5.54494
4.74025
5.1612
4.41077
2.38096
3.26421
3.901
2.75396
3.3847
2.48518
5.02553
2.52013
4.63251
4.60137
3.22896
5.18425
3.49019
3.65431
2.48518
2.99483
4.12847
3.81003
5.38718
4.60018
4.39725
2.98834
3.3847
2.38096
6.27249
4.12847
2.99483
3.02305
2.9589
6.37292
5.61242
3.65431
3.65431
5.69561
3.70132
2.6951
3.10174
7.69612
4.30913
3.59805
6.72637
4.10511
3.31854
4.38971
3.65431
3.901
7.20622
4.15781
1.90639
3.65431
5.1612
5.07551
3.02305
3.47565
3.76682
4.63251
2.48518
6.46245
3.52846
3.63139
2.62765
2.65683
3.65431
4.21806
4.80051
3.47565
1.82571
2.9589
4.15056
5.07551
4.4658
3.901
4.01513
4.12847
2.65683
4.23044
4.48766
1.82571
2.48518
7.92966
2.48518
5.38718
4.28474
9.27903
3.65431
4.98392
3.29265
3.09257
4.55382
4.86225
4.12847
3.1796
2.48518
3.26974
7.41675
3.3847
8.11805
3.65377
4.12847
3.65431
3.76682
2.48518
4.12601
6.74666
3.97836
2.65683
3.25104
2.72523
3.49019
2.37022
2.48518
3.114
4.60018
3.83634
6.50655
2.6951
4.12847
4.12847
3.8564
2.17049
3.55635
3.901
8.2513
4.54802
6.59884
2.86892
3.89435
4.41077
3.34063
5.47148
3.55635
5.46963
5.71667
4.55382
3.3847
3.47565
2.6951
5.69561
4.12847
4.60018
2.9589
3.96273
5.65051
3.21432
3.70132
5.20293
2.9589
3.65431
3.83634
8.3566
3.901
5.20089
3.901
3.52846
3.5232
2.62765
3.59462
1.82571
2.48518
3.85939
4.12847
3.901
4.3742
4.95624
4.01351
5.71667
1.90639
4.91247
3.70186
5.38718
10.5874
2.38096
4.86225
2.8673
4.93756
3.70186
6.3471
6.47004
3.15669
2.72523
2.99483
4.28474
4.20942
3.83634
4.16373
2.72523
14.1197
2.01048
5.28945
5.20089
4.38993
4.48766
3.28726
2.48518
4.64543
3.30591
20.6867
3.3847
4.32581
3.65431
4.73586
3.65431
3.93711
2.48518
4.22505
3.65431
3.46367
4.30974
4.86225
3.47469
4.70955
3.76682
4.59316
3.22896
3.3847
6.50655
4.202
3.33092
4.41077
4.60018
3.02305
2.8673
3.68965
3.46339
2.75425
3.07551
3.85841
3.65431
3.81003
3.56628
4.8641
2.48518
2.48518
4.01351
2.48518
3.67331
3.22081
2.38096
4.93756
6.41119
2.55422
2.01048
4.58574
3.65431
3.22896
4.32581
8.51217
4.17603
3.89499
3.38836
4.81716
7.172
3.22896
4.07912
2.8673
3.65431
3.70066
2.38096
4.39725
5.38718
9.83413
4.29677
4.79609
2.8018
3.89435
6.10041
2.80591
3.85841
2.99483
3.59462
6.58339
2.9589
4.75891
2.37022
3.22896
3.65431
3.76844
5.18425
4.32581
4.38971
4.03804
4.15056
3.70132
4.55382
4.28474
2.9418
4.55382
4.37517
2.38096
3.30591
4.8714
4.55382
3.84551
4.58574
3.47565
2.8673
2.65683
2.90352
2.6951
7.37428
5.01815
4.42798
2.62765
2.6951
3.65431
2.48518
3.76844
3.79743
4.93756
4.64543
4.79609
3.89435
3.52846
2.48518
3.81003
4.0844
4.80051
3.25104
3.59462
2.9418
4.51221
5.77092
4.38993
3.42629
3.70066
3.89435
1.31973
3.11561
2.9418
4.24215
3.76682
4.69177
2.48518
4.74025
3.85939
10.4354
2.48518
3.52846
3.65431
3.27651
3.21432
3.22896
3.27651
3.32554
1.82571
3.59462
2.72523
5.38718
4.58574
3.65431
4.69177
2.12353
1.74454
5.54494
5.40189
2.48518
3.22896
5.22329
5.71667
2.65683
6.3471
3.26974
3.22896
2.01048
4.07912
2.25717
4.86225
2.86892
5.22329
2.99483
5.46963
2.65683
3.22896
3.70066
5.24599
3.76682
5.02036
2.65683
2.48518
5.07551
4.80051
6.93377
4.55382
2.72523
3.40678
2.8673
5.77092
4.79609
5.36814
3.46339
5.54626
4.59316
3.22896
3.85939
2.73188
3.55635
2.9589
4.55382
0.84502
5.09664
3.85841
4.48766
3.59462
3.49774
2.86892
3.3847
3.96273
3.65431
2.95689
3.56628
2.8673
4.80051
3.47565
4.32581
4.77344
3.70066
4.16373
2.6951
5.38718
2.8673
4.21806
3.55635
2.8673
5.20089
2.12353
3.74277
3.76844
2.62765
4.69177
2.65683
4.01351
5.43473
3.49774
3.07551
3.76682
2.38096
2.9589
3.97836
2.48518
3.65431
3.22896
4.42798
2.8673
2.73188
3.34063
2.47255
2.8673
3.11561
3.65431
5.01625
3.70066
7.04701
3.65431
6.55003
2.64091
6.99575
2.9418
4.55382
4.63251
4.23044
5.43473
6.58339
8.32655
4.12847
3.11561
2.38096
3.42629
3.901
5.43473
4.55382
4.03804
4.38971
3.76682
8.06913
3.57762
3.99208
3.65431
6.26331
4.69177
3.85939
2.90352
4.93756
3.901
2.8673
3.47565
4.69177
3.65431
2.17049
3.87393
2.99483
3.85939
1.82571
1.82571
2.6951
3.26421
4.03804
3.22896
3.6127
3.54042
4.202
4.70955
2.86892
2.48518
3.56628
3.99208
4.93756
3.84131
3.22896
5.77092
3.22896
2.25717
3.56628
4.61418
4.10511
3.96273
2.73188
3.70186
3.07884
4.8714
5.40926
2.37022
3.85841
2.65683
2.80591
4.22925
4.80051
10.4362
4.8641
4.12847
5.0638
3.80304
3.76682
3.59462
3.83634
6.81753
3.85939
2.90352
3.02305
4.81172
3.34063
9.52161
4.86225
6.10041
4.60018
3.63504
4.26169
7.00627
3.32554
4.12601
5.39281
3.76682
5.38718
3.85939
4.54747
4.09661
3.76682
6.10041
2.12353
4.44605
3.56628
3.70132
3.114
3.87393
3.65431
5.96336
4.12847
3.71466
2.8673
7.41675
3.26421
3.84551
4.55382
3.59462
4.12847
6.86099
4.8641
2.72523
4.16373
4.91247
3.30249
3.56334
7.21382
3.85841
4.60018
2.72523
2.86892
2.65683
3.07994
2.48518
3.83634
5.28945
3.65431
4.3742
4.80051
4.86225
3.65431
3.99208
4.32581
2.73188
3.31854
4.26169
2.53273
2.8673
2.48518
3.22896
3.99208
4.80051
4.22505
4.55382
7.96794
4.58574
4.32581
4.75891
3.65431
3.51125
2.38096
3.65431
3.3847
3.93711
4.12847
4.55382
4.80051
2.01414
5.96336
4.06231
3.31854
4.48766
4.54155
1.82571
1.43168
2.48518
9.23557
3.97135
2.86892
3.90046
4.80051
4.58574
4.80051
3.93711
5.96336
5.22329
3.27651
2.65683
4.74025
2.6951
5.24784
5.18425
2.98834
2.65683
4.4658
3.76682
3.65431
4.12847
2.52013
4.75891
4.69177
4.07912
4.51221
4.01351
2.48518
3.65431
3.84551
2.65683
4.2842
5.0412
3.49774
3.3847
7.20719
3.65431
2.37022
3.25104
6.70779
3.65431
3.51125
6.44578
4.81172
3.84131
3.41964
4.59091
3.65431
3.30249
3.6127
3.90046
4.01417
4.93756
4.86225
2.38096
4.28474
3.6127
3.11561
2.99483
3.92308
3.80304
2.48518
3.00094
5.28945
3.63139
4.60018
8.00536
3.901
3.114
3.65431
3.901
2.48518
4.20717
4.21806
4.32581
4.01513
4.93756
4.01351
2.48518
4.24014
5.71667
7.51973
7.67744
3.57762
4.69177
2.48518
4.06231
3.96459
3.85841
2.48518
4.21806
4.48035
3.70186
2.99483
3.51125
3.65431
6.11751
6.05276
5.96336
3.76682
4.12847
2.8673
2.38096
3.65431
7.06246
5.70001
4.12847
5.96336
3.89435
4.55382
3.901
2.17049
3.97836
3.70186
4.12847
5.01815
3.22896
2.05124
6.03425
2.73188
4.42798
2.6951
4.3742
3.97836
4.32581
3.30249
3.47565
4.75891
4.12847
4.43886
2.95689
4.24215
3.65431
3.6127
3.51125
6.55003
4.12847
3.79226
2.99483
3.47565
2.86892
3.89435
4.80051
3.47565
4.26169
4.18678
3.76682
4.8641
4.42272
2.8673
4.53521
4.0844
5.54494
2.6951
4.32581
4.80051
3.3847
4.3742
3.29265
4.51221
4.48766
7.69427
2.8673
4.12847
4.69864
4.3149
4.26169
3.76682
6.84553
3.31854
3.09257
3.46367
2.48518
3.76682
4.55382
2.73188
2.99483
6.07934
1.82571
2.48518
4.21806
3.07551
4.03804
4.23044
4.32581
3.22896
4.51221
3.74335
5.75188
3.97503
3.63139
2.73091
4.93756
4.73586
6.07934
2.55422
3.96273
2.65683
3.65431
2.73091
6.32405
3.84551
4.80051
4.32581
3.09257
2.8673
4.01513
2.48518
3.79226
3.65431
3.63139
3.89435
3.33092
2.48518
5.68194
1.90639
4.55382
4.84654
4.48766
2.9589
3.33092
4.3149
5.06385
3.76682
3.07884
2.6951
2.38096
5.71667
2.6951
4.80051
3.81003
5.28945
2.47255
5.06385
4.60137
4.73586
4.12847
3.85841
3.85939
5.68537
3.65431
3.85841
2.73188
4.15056
3.89435
4.32581
4.12847
8.79538
3.42629
4.57591
2.9589
3.86013
3.47469
4.74025
3.59462
4.98392
6.1298
4.12709
3.89435
2.86892
3.31854
4.12847
2.48518
5.98231
3.85841
4.81716
3.97503
3.3847
3.59805
3.93711
2.99933
5.65051
4.38993
3.11561
2.48518
2.72523
3.43225
3.70186
4.15781
3.1796
6.80705
1.63718
3.63139
4.16428
4.01351
3.76682
2.90352
2.73188
2.48518
2.25052
4.55382
3.22896
2.73188
2.8673
4.93756
4.01513
3.65431
3.15669
7.69427
4.55382
6.96049
2.48518
4.20717
2.8673
4.8226
2.48518
2.8673
3.53934
3.901
4.63251
4.16428
3.70186
2.7647
3.80304
4.23044
4.51221
4.8714
2.90352
3.32554
3.76682
3.38468
5.07551
3.65431
3.70186
6.14744
4.42798
1.82571
4.15056
4.48766
2.73188
4.3742
4.48885
4.06051
4.54747
5.24413
2.52013
5.42454
3.22896
3.04057
2.55422
3.97503
2.01048
3.901
2.48518
4.32581
4.80051
2.38096
5.1612
4.55382
5.60175
2.48518
1.82571
5.18168
3.3847
2.8673
2.01048
4.26169
3.63139
5.38718
8.37696
4.12847
3.59462
2.73188
4.48766
6.43379
3.65431
4.39725
2.6951
1.82571
4.37517
2.17049
3.15669
3.47639
4.18678
3.32554
6.09704
4.21806
3.3847
3.07884
3.97836
3.11561
3.76682
3.04057
4.51221
2.99483
4.86225
3.76682
3.30249
3.76844
4.80051
12.6405
3.85841
5.38718
3.85841
3.901
2.6951
2.8673
4.2842
5.69561
2.48518
5.33836
2.48518
2.8673
4.10511
3.65431
2.38096
3.65431
4.55382
4.48766
4.80051
4.28474
3.22896
2.8673
5.20089
2.73188
4.81716
4.6018
2.48518
3.96459
3.76682
2.38096
4.10987
4.55382
4.55382
5.36814
2.38096
3.84131
2.48518
3.22896
4.55382
3.901
6.25804
3.901
3.55635
3.33092
4.01351
3.63139
7.48043
4.12847
4.55382
2.38096
2.73188
4.12847
2.8673
5.69561
4.81172
3.85939
5.71667
3.84551
4.24215
4.12847
2.37022
3.47469
2.48518
4.07912
3.47565
2.12353
2.38096
3.07551
3.901
2.47255
3.50032
3.59462
3.76682
3.901
2.90352
3.59462
4.10541
4.69177
4.01351
4.6018
4.80051
4.46285
3.3847
3.27651
4.15056
2.73188
4.22925
2.65683
3.901
5.06385
2.9589
4.21806
4.20942
4.96183
5.69746
2.48518
4.22505
4.8714
4.15056
3.33261
3.3847
4.16428
2.65683
3.49019
3.3847
3.76682
4.12667
3.65348
8.35249
3.07551
5.79536
3.51125
3.76682
3.3847
2.65683
2.6951
2.48518
3.95324
4.80051
5.61242
6.48579
2.8673
3.3847
7.76071
6.09704
4.83782
2.73188
3.21432
5.71667
3.31854
3.89435
3.76682
4.01351
2.99483
3.65431
3.81003
2.47255
4.48766
2.90999
2.47255
3.04057
3.10174
5.60703
3.99208
3.3847
4.34832
1.82571
5.79536
5.01625
4.12847
4.3742
3.55635
3.72167
3.84713
3.76682
8.20375
2.75396
3.3847
4.10511
3.65431
3.22896
4.39725
4.12847
2.72523
3.10298
3.65431
3.59462
3.49019
3.96273
2.99483
3.89435
3.63139
4.48766
4.98392
3.49019
3.96273
4.16373
5.18425
4.80051
2.9589
4.55382
4.60018
2.99483
4.12847
3.55635
3.11561
5.77092
2.99483
4.53468
1.82571
4.32581
3.04057
4.28474
4.80051
4.0844
2.98834
4.48766
4.20717
2.90352
4.03804
2.48518
3.3847
2.48518
3.83634
5.96336
3.65431
3.76682
3.30249
4.43886
3.55635
4.03804
3.07884
3.59462
8.12147
5.42995
6.31657
3.89435
4.06231
4.32581
4.01296
6.55003
3.99208
2.48518
3.84131
2.48518
2.6951
7.48043
4.86087
3.55635
4.91247
4.69348
3.49019
4.63251
2.75425
2.86892
4.39725
6.17172
3.22896
8.77993
5.16616
7.412
4.3967
2.48518
3.96273
5.18425
3.901
3.31854
2.99483
3.6127
2.99483
3.9122
3.89435
3.114
4.03804
4.32581
3.52846
3.63139
9.60199
3.65431
3.65431
3.6127
5.44759
2.65683
4.22505
4.28474
5.1612
2.99483
4.30974
5.38718
3.47565
2.65683
8.36475
4.22505
4.16373
3.901
8.58749
3.76682
4.54155
7.62001
2.25717
3.09257
4.74025
3.67331
4.12847
4.12033
4.03804
2.48518
2.8673
3.76682
4.93756
5.7734
3.46339
3.63504
4.06231
4.81716
14.3433
5.54797
3.51125
4.55382
7.58996
4.75794
2.64091
5.64123
3.46339
3.80304
2.52013
4.53521
3.27651
3.63139
3.83634
4.21806
3.3847
3.3847
3.76844
3.47565
3.22896
5.01625
3.31854
6.97371
3.99208
4.64489
2.8673
4.80051
2.8673
4.55382
3.76682
3.901
7.00335
6.50655
3.65431
5.70001
4.63251
4.53468
2.48518
3.33092
7.82099
4.28474
3.63504
4.55382
4.32581
4.26169
5.62787
3.89435
4.24215
4.19217
2.6951
3.33092
6.97532
12.6405
3.30249
3.76682
3.84131
3.26421
3.30249
4.48766
3.47565
4.55382
4.70955
3.22896
3.22896
2.48518
6.21672
4.01351
4.32581
3.65431
4.63251
2.8673
8.42898
3.93831
3.51125
3.80304
2.99483
4.51221
4.32581
4.86225
4.28474
3.47639
3.65431
6.20127
3.70186
3.76682
2.7647
1.31973
5.40926
4.60018
3.43225
2.8673
5.54494
4.37517
4.48766
4.75891
4.8714
3.84131
3.3847
5.71667
2.8673
3.30591
3.65431
2.25717
5.96336
3.47469
3.85841
3.22896
3.64795
3.81003
14.3829
3.63139
4.37582
4.69177
3.25104
7.68067
7.76958
4.17603
3.22896
2.48518
8.33986
2.48518
2.99483
3.31854
6.42664
3.20559
2.12353
5.01625
3.40678
4.01351
2.48518
3.22896
2.86892
1.82571
3.11561
5.10894
2.8018
6.07934
5.71667
2.99483
2.73091
2.48518
1.82571
3.42629
4.01351
3.47639
2.48518
2.8673
4.24215
2.8673
3.22896
3.02305
2.48518
2.48518
3.84131
4.47713
4.03804
4.55382
3.85939
3.47565
3.79226
8.35271
2.12353
3.31854
4.48766
3.76682
4.55382
4.17599
3.22896
3.22896
3.22896
3.84131
5.06385
4.26169
2.73188
4.21806
6.91448
4.20717
3.49774
4.19539
2.48518
2.65683
5.46963
4.26169
2.62765
4.78341
1.82571
3.76682
4.43791
3.22896
3.65431
3.63139
3.22896
5.18425
3.70228
3.58761
3.65431
3.85841
4.55382
3.09257
4.80051
4.70955
5.61242
3.59462
7.61708
4.80051
4.01513
4.41077
5.28945
3.30591
5.79536
4.96183
3.96273
5.17983
3.84551
3.51125
2.64091
4.03804
3.63043
4.55382
3.901
3.65431
4.01296
6.32405
2.8673
4.07912
5.1612
3.76682
2.48885
3.22081
3.84551
4.06231
2.48518
2.99483
4.55382
4.55382
2.12353
3.901
3.89435
3.90046
2.86892
3.47565
3.3847
3.47565
3.00094
3.80304
5.77092
3.85939
4.55382
2.48518
6.78019
4.01351
4.60018
3.27651
3.76682
3.55635
3.6127
5.20089
2.21924
5.24413
4.96183
5.77092
3.99208
3.901
4.93756
3.22896
4.55382
4.16428
4.77344
4.93756
3.3847
3.76682
4.26169
3.51125
5.69561
4.05705
3.07551
4.30974
4.64543
3.07884
4.07912
3.71466
3.90046
3.76844
4.34832
3.22896
3.99208
2.86892
3.63139
3.22896
3.29265
4.53521
3.76844
3.76844
4.28474
4.93756
7.83089
1.95839
4.01351
4.19217
4.96183
2.8673
4.20942
1.43168
3.46339
3.65431
3.97836
3.59462
3.36163
2.43309
3.47565
4.63251
4.12847
3.76844
3.5232
4.70955
3.3847
3.84131
2.48518
4.53521
2.50727
4.21806
2.73091
4.15056
3.85841
4.48885
2.65683
4.93756
3.85939
5.44759
2.8673
5.24599
4.4658
4.6018
6.55003
4.59091
3.3847
4.27086
3.70066
3.04057
4.80051
5.79536
5.80828
3.07994
4.39725
7.34423
4.03804
2.01048
3.76682
2.73188
5.69561
3.25104
4.4658
2.21924
4.06231
2.8673
5.34333
2.99483
3.6127
4.12601
3.6127
3.42629
4.21806
2.47255
3.22896
4.91247
6.58339
5.38718
7.04162
3.65431
2.8673
3.34264
4.26169
3.38468
3.22896
5.06385
5.01625
2.47255
3.5232
4.86225
7.41794
3.59462
7.76958
3.3847
3.59462
3.96459
4.8226
2.8673
3.76682
4.94094
2.62765
3.76682
4.48766
3.76682
2.73091
2.25717
5.49268
3.02305
3.65431
2.38096
4.3742
4.55382
2.48518
3.25104
3.96136
3.65431
4.81716
5.81369
3.10174
3.3847
3.83634
3.65431
3.07884
5.65051
3.34264
2.25717
4.93756
3.22896
3.84131
4.03804
4.8714
4.39725
8.64369
4.10511
2.73188
2.48518
4.01878
3.901
2.99483
3.70186
7.69427
3.20559
3.52846
4.32581
4.15056
2.8673
5.24599
4.61418
3.59462
3.63139
5.18425
3.22896
4.12847
4.21806
4.95959
3.74472
4.22925
8.12147
3.22896
2.99483
4.93756
3.6127
4.26169
3.85841
4.80051
3.65431
4.16373
5.53614
3.25104
3.65431
3.22896
4.70955
2.99483
3.29265
3.114
5.71667
3.99208
3.57762
2.21924
4.23044
2.01048
5.71667
4.80051
2.9589
2.72523
2.52013
4.01351
3.80304
2.38096
4.28474
5.46963
3.65431
2.86892
3.3847
3.76682
2.86892
2.75425
3.93711
2.72523
2.86892
2.48518
4.10511
4.01351
3.85841
3.84131
4.75891
5.1612
3.85841
3.76682
3.70228
3.84131
4.80051
4.26169
4.38993
3.47469
3.63139
6.33118
3.3847
4.93756
4.53521
3.67639
4.10511
3.901
5.47587
4.48766
5.32125
3.11561
5.96336
4.26561
4.44605
3.71466
3.76844
2.48518
4.60137
3.47565
6.03425
2.65683
3.47565
2.47255
4.69177
4.57012
3.85939
3.70228
4.01513
3.59462
1.63718
9.19316
2.48518
3.84551
4.23365
4.01351
1.31973
4.8714
4.24215
5.44759
4.39725
4.39725
2.6951
3.04057
3.70066
3.65431
6.05276
4.6865
4.22505
2.48518
2.65683
2.72523
3.04057
4.3742
4.22008
3.70228
4.86225
1.82571
2.48518
3.89435
4.37517
2.9589
3.84131
3.65431
6.10041
4.10511
4.53521
2.38096
4.80051
2.8673
5.18425
3.96273
4.18678
2.48518
4.73586
4.39725
4.21806
4.18678
4.55382
3.96459
5.02036
3.56334
4.27086
5.97407
3.85841
4.6018
3.901
4.96183
5.89683
4.86225
3.47469
3.55635
3.901
5.71667
2.38096
4.50238
4.34461
2.8673
2.48518
2.48518
8.51217
3.3847
3.09257
2.48518
4.12033
3.78104
3.65431
2.48518
4.55382
4.22925
2.6951
3.85841
3.65431
5.1612
5.38718
2.25717
4.3742
3.09257
3.22896
3.32554
4.44605
6.94504
3.65431
4.44605
7.38584
4.38993
3.33092
4.12847
2.48518
3.55635
2.48518
3.41964
4.48766
4.8641
2.8673
1.82571
3.65431
5.71667
5.38718
2.48518
5.22329
4.38993
2.90999
3.65431
3.22896
2.38096
1.82571
3.27651
4.16428
5.33836
3.3847
4.75891
4.55382
6.55003
3.11561
3.76682
3.8564
4.96183
2.48518
4.63251
2.8673
3.42629
3.6127
4.07912
4.64543
2.99483
4.34647
4.39725
2.72523
4.15056
4.93756
3.47469
2.60081
4.51221
4.86225
4.8714
3.65431
2.98834
4.59091
2.9418
3.65377
4.79609
3.63043
4.01513
3.65431
3.55635
3.15669
8.36475
4.28474
5.69561
2.48518
3.70066
4.39725
3.70066
3.65431
4.12847
1.82571
7.19247
3.30249
6.58339
3.02305
4.03804
3.31854
2.8673
3.70186
3.47469
6.10041
5.69561
3.3847
3.56628
4.0844
4.48766
2.53273
2.8673
4.55382
2.01048
4.30974
4.34461
3.65431
6.21672
4.75891
3.76682
7.269
3.22896
1.82571
3.76682
2.72523
4.69177
3.96273
3.59462
4.60018
5.10894
3.42629
3.65431
3.74335
4.7129
4.21806
7.19173
3.70066
2.85629
2.12353
5.61242
3.56628
4.32581
4.75891
2.48518
7.38584
5.69561
3.85939
3.22896
2.8673
4.51221
4.51221
4.32581
4.26169
3.43225
4.38971
2.3312
3.63139
4.41077
4.41077
2.38096
1.82571
2.65683
3.65431
3.85841
3.70066
4.63251
3.114
4.60018
3.55635
3.46339
3.65431
7.48948
4.94279
4.48766
4.37517
3.04057
4.20942
4.79609
3.02305
4.63251
3.41964
3.83634
4.01513
3.27651
3.94855
5.07455
2.48518
4.22925
3.901
2.80591
2.9589
3.52846
3.31854
3.26974
3.55635
3.09257
3.114
3.3847
4.12847
4.63251
4.28474
5.1612
4.60018
3.31854
2.8673
2.8673
4.38971
6.07934
4.48766
3.65431
2.6951
4.32581
2.99483
4.80051
4.80051
2.99483
4.16373
6.0812
4.03804
7.38584
4.01296
3.22896
3.33261
4.63663
4.4658
2.6951
4.55382
3.3847
4.55382
3.85841
3.76682
5.07455
2.52013
4.8641
2.48518
3.70186
4.96183
2.65683
4.83782
4.61418
4.75891
2.8673
4.07912
2.8673
2.84383
3.07884
4.41077
3.42629
3.04057
5.75188
4.07912
2.8673
2.8673
4.17603
3.70186
4.26115
3.63043
2.86892
4.01351
3.47639
3.70228
5.00938
4.44605
4.12847
3.3847
3.3847
4.37517
3.96273
3.25104
2.48518
2.48518
3.70186
4.55382
4.51221
3.901
3.00384
3.65431
3.26974
4.55382
4.55382
3.34264
2.86892
4.28474
3.55635
3.63139
4.73586
4.3967
3.47565
4.55382
4.07912
4.19217
3.47639
4.0844
3.76682
3.22896
4.06231
2.48518
5.69561
3.32554
2.47255
5.20089
2.48518
3.114
2.01048
4.01351
4.65746
3.22896
3.65431
3.65431
3.3847
3.27651
3.49019
2.86892
3.26974
3.76682
2.41718
2.90352
6.5091
4.79794
4.30913
4.55382
3.65431
6.28057
2.9418
3.14012
5.00938
3.76844
5.18425
3.22896
3.07884
3.84551
4.86225
3.84551
3.07884
3.65431
2.38096
3.76844
3.65431
4.70955
3.6127
3.96273
3.63139
5.43473
7.37794
3.901
2.47255
5.38718
5.43473
2.41718
2.6951
3.84131
5.51162
4.8714
10.1804
2.62765
3.84551
2.38096
3.65431
3.85939
4.55382
3.22896
3.55635
4.48885
4.80051
6.72637
2.72523
4.30974
7.82947
2.8673
3.85841
3.65431
5.1612
4.80051
4.23044
4.54155
2.48518
5.10894
3.3847
5.5857
2.48518
3.89435
2.72523
4.12847
4.12847
2.80092
3.22896
3.65431
3.52846
3.65431
2.38096
4.86225
5.42995
3.3847
3.01139
3.11561
2.86892
2.38096
2.65683
3.09257
4.03804
3.85841
2.9589
3.65431
2.48518
3.3847
4.80051
3.76682
3.901
4.15056
2.8673
5.46963
4.70955
3.3847
2.38096
2.38096
4.77344
3.76682
3.3847
4.01351
3.76844
4.22505
1.63718
4.70955
2.8673
4.3742
4.18678
3.65431
4.39725
2.25717
4.03804
3.11561
3.76844
2.8673
2.12353
4.44605
2.98834
4.18678
4.80051
3.85841
2.12353
1.82571
4.39725
4.16373
4.93756
4.20717
5.10894
4.55382
5.65051
3.27651
3.33092
6.3471
2.6951
4.8641
2.65683
4.03804
3.00094
2.65683
3.76682
4.4658
3.64795
3.49774
3.30249
2.99483
3.65431
3.25104
4.26169
3.901
4.75794
4.32581
4.0844
4.12847
2.25717
6.32405
4.60018
3.65431
3.65431
3.85841
2.80392
5.43241
6.58339
3.84131
3.3847
3.07884
4.38993
3.65431
2.9418
5.38718
2.86892
3.76844
2.48518
3.93711
2.65683
3.89435
4.60018
4.37517
3.55635
4.01351
5.1612
2.8673
3.65431
3.22896
2.72523
2.48518
4.48766
4.55382
4.55382
4.63251
3.22896
4.55382
3.65431
4.12847
4.98392
3.3847
3.76682
4.03804
3.47565
5.54494
8.58749
2.72523
1.82571
3.1796
3.27651
3.3847
2.38096
4.12847
3.10298
4.93756
5.67319
4.8641
4.12847
4.70955
5.18425
4.26169
2.6951
3.65431
5.18425
2.9589
3.31854
5.49268
2.8673
5.1612
2.48518
3.99208
3.38836
3.59462
3.65431
4.32581
3.22896
3.51125
4.12847
4.81716
3.22896
4.55382
3.11561
2.65683
1.90639
5.10894
2.75425
3.83634
3.84551
2.8673
3.901
2.72523
5.96336
3.6127
2.99483
4.12847
4.55382
4.12847
3.46367
3.30249
5.85911
3.15669
5.24599
3.81003
2.73188
3.37243
2.65683
2.8673
2.17049
5.71667
5.47587
4.81716
2.8673
5.1612
4.24215
3.07884
2.38096
3.96459
4.80051
2.48518
4.80051
3.02305
3.64795
3.33092
2.73188
4.48766
3.93711
4.28474
4.12847
4.14169
7.42676
3.01139
3.09257
3.97836
4.73586
4.28474
4.03804
4.3742
4.80051
13.6316
4.8641
3.76844
3.114
4.44605
4.8714
3.85939
2.90352
3.3847
7.43065
3.63139
2.85629
4.21806
4.93756
4.39725
3.22896
5.18425
2.6951
2.01048
6.55003
3.55635
3.85841
3.84551
3.22896
4.26169
4.55382
3.85841
5.65051
3.59462
3.65431
3.57112
2.65683
3.63139
3.63139
5.32028
3.55635
4.202
4.48766
2.48518
6.10041
2.73091
4.06231
3.49774
5.00938
2.8673
4.60018
4.26169
4.22008
5.1612
3.22896
3.901
4.59458
5.0638
4.15056
5.06385
3.65431
3.6127
9.03733
3.76844
3.3847
3.49774
2.38096
3.80304
4.12847
3.114
3.16161
3.94855
3.85939
3.6127
4.32581
3.99208
5.10894
4.59458
4.48766
6.97371
3.97503
3.76682
2.71925
3.3847
3.49774
3.30249
4.17603
3.58761
4.48766
7.38584
3.89435
4.51221
4.37517
5.06385
4.37517
4.20942
3.76682
4.75794
4.3742
8.42844
3.85939
6.07546
3.81003
7.37039
4.93756
4.73586
4.32581
4.26169
2.12353
4.81716
4.21806
1.82571
3.09257
3.07884
3.55635
4.80051
3.76682
3.58761
3.22896
2.65683
3.65431
2.47255
3.42629
4.55382
4.38993
3.89435
5.34557
4.80051
2.90352
3.47469
3.25104
3.79226
5.48549
6.3471
3.76682
4.15056
3.42629
3.07551
2.50727
2.48518
3.51125
3.901
4.98392
3.3847
5.38718
7.20622
3.65431
4.54747
3.80304
1.82571
3.89435
3.52846
4.06231
5.71667
3.1796
4.21806
4.26169
5.89683
4.17603
2.73188
5.98231
4.21806
2.8673
5.71667
2.48518
3.22896
2.9418
4.55382
3.29265
3.1796
4.01296
3.01139
4.26169
4.03804
2.12353
3.6127
3.3847
3.76682
3.59805
4.55382
4.43886
4.10682
4.21806
2.48518
4.55382
2.50727
3.22896
4.64543
3.3847
3.22896
2.48518
3.22896
6.55003
3.70228
5.00938
3.3847
3.85841
2.12353
2.72523
3.65431
5.69561
3.76682
2.25717
3.55635
4.37517
3.65431
5.46589
3.84551
3.26421
2.99483
4.8714
4.30974
4.6018
2.48518
3.22896
2.8673
3.65431
2.73188
4.32581
2.9418
3.97503
3.901
3.3847
4.46285
5.18425
2.7647
4.60018
5.71667
3.81003
4.74025
2.8673
4.37517
4.12667
3.59462
5.18425
4.39725
2.65683
3.89435
4.16428
5.69561
3.52846
3.22896
7.06246
3.85843
3.85841
4.28474
4.12847
3.59462
4.80051
3.27651
4.12847
3.47565
4.80051
3.3847
2.72523
4.01513
4.77344
5.04867
3.57762
3.65431
3.47469
4.75891
8.81272
4.15781
3.47565
4.60018
4.55382
5.46963
4.95385
4.18678
7.7784
6.55003
6.10041
3.76844
4.15781
2.86892
6.69043
3.65431
2.38096
3.76682
5.46963
3.33092
3.76682
2.99483
3.84551
4.12847
4.32581
4.10987
4.21806
3.901
4.15781
3.76682
2.48518
3.68623
2.65683
4.16373
4.05705
4.22505
1.82571
2.8673
3.04057
2.48885
4.63251
4.15056
1.90639
2.48518
4.12847
4.55382
2.98834
2.01048
2.8673
3.65431
3.114
4.26169
2.6951
3.11561
3.63504
4.26169
5.46963
3.83634
2.8673
4.12847
4.55382
3.85939
3.40678
4.12847
2.47255
5.1612
2.52013
2.6951
3.46339
4.24014
3.22896
4.86225
4.21806
1.90639
3.97503
2.8673
4.63251
3.70186
2.62765
5.0638
3.47469
3.02305
4.16428
1.90639
2.6951
4.26561
5.71667
5.54494
2.12353
4.01351
3.02305
5.18425
3.22896
4.03804
3.65431
4.38993
6.2388
3.55635
3.63139
7.38584
4.18678
3.901
3.3847
2.72523
4.86225
3.07884
3.84131
4.06231
3.09257
2.65683
5.02553
4.23044
3.11561
3.07884
3.80304
3.83634
6.59884
3.65431
3.07884
4.60018
3.3847
4.6018
2.38096
4.18678
4.79451
2.47255
4.12667
3.22896
4.55382
3.65431
1.90639
4.21806
3.65431
4.98392
3.3847
3.09257
3.65431
3.53934
3.89499
3.55635
4.64543
5.38718
3.901
1.90639
3.76682
6.12536
2.9418
3.51125
2.9418
4.46285
7.37039
2.9418
4.93756
2.48518
3.84713
4.12847
3.33092
3.94855
3.47469
4.41077
3.07884
3.09257
3.47565
4.80051
2.6951
4.80051
2.47255
5.85911
7.57451
2.8673
5.38718
2.6951
3.76844
5.60703
5.00938
4.86225
3.30249
5.65051
3.40678
4.37517
4.01351
8.02583
3.96459
4.15781
3.59462
6.42664
6.96713
3.88389
1.90639
4.74025
6.28057
3.51125
4.03804
2.12353
3.65431
3.96273
3.31854
2.48518
4.6865
4.10511
2.17049
2.8673
2.72523
3.89435
3.70186
4.54155
3.901
8.79009
3.47469
4.55382
2.6951
3.79226
2.8673
3.42629
2.73188
2.37022
2.73188
4.57591
4.28474
3.3847
4.51221
3.76682
1.90639
4.12847
2.73188
2.8673
5.10894
2.48518
13.6187
3.96459
3.10174
3.00094
3.96273
3.55635
3.89435
3.76682
4.55382
5.6982
3.65431
4.69177
2.48518
2.6951
4.98392
3.63139
5.77655
2.48518
2.6951
2.9589
3.16161
4.63251
1.63718
2.73188
2.12353
4.79609
3.65431
4.48766
3.49774
2.38096
4.0844
4.63663
3.89435
3.07884
3.3847
3.96273
5.1612
2.98834
3.20559
7.88393
3.92308
3.22896
3.65431
2.48518
3.22896
3.59462
2.01048
3.89435
3.76682
3.84131
3.47469
3.76682
2.9418
4.60018
4.39725
2.65683
4.20717
3.67331
4.28474
3.63504
5.1612
6.3471
3.63139
2.71925
3.65431
3.01139
4.12847
3.76682
2.8673
4.34461
3.22896
3.80304
4.01351
4.79794
2.38096
3.33092
3.33092
2.9418
3.42629
3.76844
4.75891
3.63139
2.9589
6.07934
2.8673
3.97503
5.28945
7.4322
3.89435
2.12353
3.65431
3.96273
3.22896
4.12601
3.85841
2.9589
4.8714
3.6127
3.30591
4.12847
3.65431
7.68067
3.901
1.82571
2.38096
5.38718
4.63251
3.65431
2.9589
3.76844
4.01878
3.07994
3.114
4.30974
3.47639
2.21924
2.48518
4.32581
3.84131
4.46285
4.80051
5.69561
6.38027
4.86225
4.80051
2.48518
4.80051
3.85939
7.75413
2.48518
3.30249
3.89435
4.55382
5.43241
4.86225
4.12847
3.29373
3.65431
4.75891
4.51221
4.80051
3.26974
3.22896
2.48885
3.63139
2.73188
3.51125
2.8673
3.6127
5.24413
2.8673
5.24413
2.73188
3.3847
3.47565
3.83634
5.69561
3.21432
3.94855
3.22896
3.84551
4.3742
3.901
4.70955
3.70186
1.82571
3.89435
2.48518
3.42629
5.18329
4.21806
7.99059
4.59985
4.43886
2.8673
4.21806
2.73188
2.48518
3.3847
3.76682
2.98834
3.3847
3.901
2.84383
3.10174
3.901
6.32405
6.55003
3.07884
4.60137
3.76682
2.12353
2.65683
2.8673
3.85939
4.15056
3.30249
4.30974
4.12847
3.85939
3.47469
4.12847
2.48518
9.16821
3.80304
5.69561
4.3742
3.3847
3.22896
3.3847
4.55382
3.52846
4.46649
4.75891
4.26169
3.84131
2.48518
3.3847
3.22896
4.05705
4.202
7.37039
4.32581
3.63139
3.55635
4.38993
4.12847
2.8673
2.17049
3.42629
2.8673
3.94009
3.25104
4.0844
3.33092
2.48518
2.48518
3.85841
3.6127
1.82571
4.80051
2.12353
3.22896
3.65377
2.86892
2.38096
3.22896
3.63139
4.38993
2.8673
4.01351
3.76682
4.10987
3.99208
2.48518
4.3149
3.22896
2.47255
4.55382
3.65431
3.49019
3.47565
3.3847
4.75891
4.03804
5.38718
3.99208
5.71667
5.69561
3.84551
3.59321
6.3471
7.41776
4.60137
3.22896
3.31854
2.6951
3.22896
2.65683
3.85939
4.8641
4.15056
4.12667
3.89435
3.20559
3.85841
2.48518
2.38096
4.55382
3.70066
3.3847
2.8673
4.60137
2.25717
4.80051
2.38096
3.09257
3.09257
4.80051
4.23044
4.41077
3.02305
4.41077
3.96273
3.85841
2.8673
4.05705
2.62765
3.59462
4.20717
4.12847
3.02305
3.59462
6.12281
2.48518
3.3847
4.26169
4.01351
2.6951
4.60018
2.8673
3.76682
3.65431
4.86225
3.3847
2.48518
4.80051
3.25104
2.65683
3.63139
3.80304
3.26421
6.55003
3.70066
1.82571
4.55382
2.99483
3.3847
4.32581
7.37039
3.30591
4.32581
4.34461
3.46367
4.20717
2.38096
4.80051
3.3847
3.94855
3.65431
4.80051
3.31854
4.95959
4.60018
4.93756
5.38718
5.77092
4.80051
3.52846
4.03804
2.9589
2.72523
2.38096
4.32581
6.85498
7.67882
2.48518
4.55382
2.12353
4.32581
12.9788
4.20942
4.94094
3.71466
2.8673
2.48518
2.01048
3.47565
2.6951
4.60018
4.22505
3.65431
4.91215
2.98834
2.48518
2.7647
4.55382
2.6951
2.12353
3.901
4.80051
3.68965
2.77787
3.25104
5.4369
2.6951
9.84958
4.55382
3.63043
7.76071
2.8673
4.3742
4.54747
3.22896
3.85939
4.20717
3.63139
4.75891
5.61242
3.55635
3.85939
4.75794
4.20717
4.79609
3.07884
2.38096
4.202
4.55382
2.38096
4.98392
3.75795
5.40926
4.75794
2.73091
2.47255
2.62765
3.65431
6.80743
2.86892
4.79609
5.17983
3.02305
4.38993
3.65431
4.65746
4.3742
2.72523
5.06385
4.32581
2.37022
2.80392
5.29621
4.19217
4.01351
3.11561
3.76682
4.32581
4.79451
4.80051
3.26974
3.65431
5.77092
3.76682
3.59462
4.55382
4.60018
2.8673
2.48518
2.8673
4.22008
5.58505
5.18425
5.38718
5.1612
3.47469
3.07551
5.18425
3.85841
4.79609
4.12847
2.86892
2.65683
2.9589
4.63251
1.82571
4.86225
2.48518
2.48518
3.1796
4.93756
7.67882
5.10894
2.48518
3.25104
2.48518
2.73188
3.96459
2.38096
4.51221
2.73188
3.3847
3.96459
4.12847
5.77092
1.82571
5.70001
3.47639
2.90352
6.44578
5.18425
1.35101
4.48766
3.65431
3.63139
5.96336
4.80051
4.91247
3.114
3.47469
3.3847
3.22896
2.12353
6.32405
2.9418
3.76682
5.42454
2.73188
3.76682
5.28945
5.77092
5.11079
2.8673
3.31854
1.43168
2.43309
2.9589
3.96459
3.97503
3.65431
4.80051
3.65431
3.58761
3.901
3.85939
2.48518
4.53521
3.58761
3.4763
2.48518
3.87393
3.65431
3.85939
3.8564
3.76682
7.76071
3.6127
3.70066
4.12847
2.6951
6.82951
2.90999
2.48518
4.03804
2.73188
5.1612
2.80591
2.38096
4.60018
7.41776
1.82571
3.76682
3.76682
3.22896
4.64543
4.22925
2.8673
3.42629
3.22896
4.96183
4.70955
2.90999
2.38096
3.59462
3.83634
3.27651
5.22329
4.37517
2.8673
3.901
4.60137
3.63139
4.03804
5.29621
3.84551
4.79451
4.84954
5.01815
3.47565
4.93756
4.55382
4.73586
4.57591
3.47565
4.07912
2.86892
3.84551
2.52013
2.25052
3.901
4.63251
4.93756
2.38096
2.65683
5.60703
3.31854
3.65431
3.22896
5.12789
2.9589
2.47255
3.65431
3.65431
4.38993
4.16373
3.55635
3.22896
4.51221
2.48518
3.80304
3.65431
3.65431
4.57197
3.64795
4.81716
4.38993
5.06385
2.9589
3.96273
2.48518
3.79226
3.26974
4.55382
2.8673
3.22896
6.0812
3.3847
1.82571
2.6951
3.65431
4.48766
4.93756
3.1796
2.48518
3.96136
4.06231
4.55382
2.72523
4.01513
4.55382
3.901
4.41077
4.93756
4.26169
5.85337
2.38096
4.06231
6.48579
4.21806
3.75795
4.28474
3.56628
3.49019
4.01296
3.47565
2.73188
2.8673
4.20717
5.69561
5.28945
4.55382
5.34557
4.06231
5.28945
4.79955
2.9418
3.65431
2.73091
4.86087
14.9741
3.65431
3.83634
3.63139
5.70001
2.99483
3.79226
3.22896
6.03439
3.76682
3.114
3.58933
3.65431
3.70066
3.6127
3.47639
2.8673
2.38096
1.76325
2.38096
4.15056
3.3847
4.55382
3.94009
1.82571
3.63139
12.8872
4.06231
3.901
4.55382
4.28474
7.22172
4.55382
6.10837
5.20876
3.31854
3.65431
4.15056
2.48518
3.83634
3.65431
3.76682
4.55382
4.53521
4.54155
4.21806
3.22896
4.81716
5.69561
3.63139
4.39725
4.80051
3.65431
5.01625
4.86225
2.38096
3.65431
4.55382
1.82571
3.70186
4.01351
8.00082
4.01513
5.71667
3.07994
6.96049
3.29265
5.18425
3.47639
2.6951
3.65431
2.48518
4.55382
5.1196
3.97836
4.86225
4.63251
4.81716
12.6405
5.18425
3.84131
4.55382
1.90639
2.73091
3.65431
7.36404
4.55382
3.31854
2.72523
9.3666
4.75794
3.26974
2.99483
4.38971
3.85841
5.00938
4.79955
4.86225
3.63139
3.04057
3.38468
4.55382
3.59462
3.11561
3.99208
3.67331
4.80051
2.75425
3.33092
4.32581
3.84131
3.81003
4.55382
4.12847
4.86225
3.22896
4.48766
4.21128
4.98392
3.84131
3.59462
2.38096
4.80051
2.48518
3.25104
2.86892
3.63139
2.99483
2.6951
3.3847
4.28474
4.81716
3.97503
5.71667
3.87393
3.65431
5.1612
3.89435
2.48518
3.3847
3.42629
3.65431
4.16428
3.29265
4.75891
3.25104
3.3847
2.48518
3.15669
6.97371
4.55382
4.55382
2.73188
3.65431
1.90639
3.22896
2.64091
3.83634
4.12847
4.8714
4.01351
3.09257
2.99483
2.8673
3.3847
4.12847
4.53521
2.38096
4.30974
3.07551
3.84131
3.76844
3.3847
5.49268
3.99208
5.24599
7.54014
4.12847
4.03804
2.6951
7.0653
2.86892
3.65431
3.76844
4.81716
4.01351
2.6951
5.84844
4.10987
4.12847
4.86225
5.16616
3.37208
4.6018
2.48518
3.22896
2.9589
3.114
6.55003
2.6951
2.25052
6.80151
2.6951
3.9952
3.901
5.0638
3.09257
5.69111
4.55382
4.26169
3.114
3.67331
4.96183
2.01048
4.91247
4.80051
2.73188
4.98392
5.44759
3.72308
8.04077
2.38096
4.94279
6.9803
5.18425
6.55003
2.47255
3.3847
3.47469
3.901
4.24215
3.22896
4.55382
3.29265
6.20127
10.1804
2.6951
3.22896
4.20717
6.30739
3.47565
4.22505
5.69561
3.76682
5.71667
3.76844
3.70228
6.84956
2.12353
3.3847
4.80051
4.39725
3.76682
2.9418
3.76682
2.8673
3.65431
2.64091
3.25104
3.5232
3.56628
3.85841
4.6018
3.02305
2.38096
5.32028
2.38096
6.93377
6.07934
3.76682
6.21672
1.90639
4.65746
3.76682
3.71466
2.72523
2.17049
6.48983
3.65431
4.12847
4.20942
4.0844
3.65431
2.73188
4.48766
4.96183
6.12281
4.03804
2.48518
2.6951
6.43379
3.6127
4.32581
4.61418
3.901
3.65431
3.47469
4.48766
5.44759
5.61242
3.901
3.63139
3.20559
4.03804
2.38096
7.0188
8.41756
4.73586
2.37022
3.65431
4.32581
4.41077
3.40678
4.87388
3.76682
6.28057
3.53934
4.01296
5.07551
3.70186
3.55635
4.21806
4.55382
3.70066
4.12847
13.2479
4.8641
5.18425
7.2937
8.06256
5.01625
3.26974
3.65431
3.65431
8.12147
4.8641
2.21924
4.59091
3.33092
4.80051
3.65431
7.62653
3.84131
4.20942
2.48518
3.84131
1.82571
3.42629
4.86225
2.99483
3.96273
3.47384
4.86087
3.22896
5.29621
5.70001
3.47565
3.65431
3.65431
2.99483
3.09257
3.76682
3.901
7.91864
3.63504
4.01351
2.9589
3.31854
3.65431
2.8673
5.1612
4.38993
3.84551
3.65431
4.74025
3.3847
2.9589
6.43241
3.901
4.70955
3.65431
4.55382
3.02305
3.63043
2.90352
2.48518
5.85337
4.60018
3.07884
3.76682
3.65431
6.32405
5.1612
4.51221
3.65431
4.96183
4.48766
4.03804
6.59159
8.2192
2.48518
3.76682
4.32581
2.8673
5.69561
4.57591
5.06385
4.55382
3.55635
3.6127
2.8673
3.46339
3.3847
4.93756
3.02305
4.57591
4.55382
5.28945
2.99483
3.901
2.12353
3.3847
3.65431
4.55382
6.07934
3.76682
4.81716
3.65431
5.1612
3.09257
4.39725
4.30974
4.3149
4.07912
2.8673
3.99208
3.3847
5.1612
2.47255
4.3742
2.38096
3.54042
4.01351
4.81716
3.28726
2.47255
8.58976
4.86225
3.96273
4.55382
3.70228
2.86892
2.8673
3.51125
5.29621
2.48518
4.03804
3.80304
5.54494
3.65377
2.8673
3.51738
3.67331
4.55382
3.901
2.86892
3.59462
5.36814
4.8714
3.46339
3.76682
3.47565
4.79609
4.80051
6.17172
3.70066
4.48766
4.3742
2.8673
4.84807
5.63561
3.3847
5.38718
2.38096
2.72523
3.901
2.9589
3.20559
4.75076
5.46589
2.8673
2.38096
3.07551
2.38096
6.0812
6.43564
1.82571
4.55382
4.34647
3.84551
2.86892
6.61961
2.48518
3.53934
3.55635
4.96183
5.20089
3.00094
3.85939
2.8673
3.114
4.26169
3.63139
2.75396
3.89435
4.55382
2.9589
4.01351
3.20559
4.7129
2.8673
4.80051
2.48518
3.84131
4.93756
4.75891
2.72523
3.75795
2.8673
3.901
4.60137
5.65051
3.3847
3.22896
4.15056
3.70186
4.32581
4.3742
3.22896
3.20559
3.29265
6.80705
3.47565
3.65431
4.60018
2.47255
5.10894
4.01296
3.42629
4.03804
2.90352
3.3847
4.98392
4.86225
3.41964
3.901
3.96459
2.9418
4.26115
2.48518
5.73527
4.20942
3.49019
8.53324
3.32554
4.32581
2.72523
4.18678
2.6951
2.99483
2.9589
6.86099
2.62765
2.48518
2.72523
3.84551
3.99208
4.48713
4.22925
3.63139
5.40926
4.48153
4.21806
4.0844
4.38993
5.11079
3.70186
3.65431
5.67319
3.07551
2.48518
3.11561
2.17049
3.59462
3.65431
6.96049
3.22896
3.85841
3.6127
2.24457
3.96273
4.30974
4.04484
6.62886
3.65431
3.97503
4.07912
4.28474
5.28945
4.10511
5.38718
4.32581
5.0412
3.25104
3.89435
3.65431
4.10511
7.38584
4.74025
3.76682
3.89435
3.94855
3.76682
3.22896
2.72523
2.8673
4.21806
3.22896
4.34461
3.65431
3.55635
2.53273
4.32581
2.48518
3.51125
4.03804
2.90352
3.21432
4.77367
4.21806
3.09257
3.65431
4.3742
4.79609
3.34264
5.71667
2.8673
3.47565
4.79609
5.55725
3.04057
5.28945
4.55382
3.63043
3.3847
4.32581
3.3847
3.9122
3.76682
2.38096
3.25104
3.71466
4.68327
4.70955
2.12353
3.51125
3.63139
4.60018
3.11561
2.65683
6.17291
2.12353
4.48035
3.114
2.48518
4.12847
3.84131
3.85124
4.21806
3.30591
3.47565
2.65683
4.60018
2.8673
2.98834
4.15056
2.8673
2.65683
4.28474
3.65431
3.3847
3.3847
2.6951
3.65431
2.48518
3.84992
4.55382
2.25717
3.70186
3.10174
2.9589
3.3847
3.22896
3.42629
5.65051
4.94094
7.20622
3.55635
5.24599
3.47469
4.12847
3.70228
4.12847
4.59091
4.98392
2.48518
2.48518
2.73188
5.02553
3.114
5.00938
4.63251
4.98392
3.25104
8.79009
3.22896
7.38584
3.88389
3.3847
4.65746
2.48518
4.75891
2.38096
11.2995
2.72523
2.48518
3.94855
2.48518
3.65431
3.901
3.76682
4.55382
8.04077
3.26421
4.55382
3.49774
3.70066
3.26421
4.19217
4.73586
3.49774
2.48518
2.38096
3.84131
4.98392
6.03425
2.48518
4.4658
2.48518
3.22896
3.07884
5.61242
2.72523
4.01351
7.30541
4.80051
3.09257
4.86225
8.00309
4.17599
3.47639
6.55003
3.02305
4.55382
5.38718
6.8317
3.59462
3.65431
2.73091
6.12281
3.59462
3.81003
2.48518
4.28474
4.55382
4.18678
5.1612
3.76682
3.80304
2.8673
4.01513
4.81716
3.22896
4.80051
4.12847
2.73188
4.06231
3.65431
3.02305
4.55382
4.64543
5.38718
3.85841
3.49774
3.901
6.75476
2.86892
3.76682
3.26421
2.6951
2.48518
5.49268
4.34647
3.76844
5.18425
5.18425
2.8673
5.68316
2.9589
4.03804
5.28945
3.65431
1.82571
4.54747
6.74666
4.81716
3.97174
3.84551
3.09257
3.26974
5.44759
4.28474
3.47565
3.84551
9.11259
5.54494
4.39725
8.99896
3.55635
2.95689
2.62765
2.37022
2.65683
2.37022
4.60018
3.85841
3.25104
4.48885
3.70066
3.65431
3.65431
8.3111
4.202
5.79536
5.38718
5.28945
3.63139
2.99483
4.06231
3.85939
5.12789
5.21027
2.8673
5.16616
4.60137
3.55635
3.00094
3.65431
2.25717
1.82571
3.47565
2.48518
4.32581
4.26169
4.01351
6.10041
3.68623
3.80304
8.17636
4.28474
4.55382
5.20089
3.21432
2.6951
7.4462
2.48518
3.76682
2.99483
3.22896
4.98392
3.76682
3.07551
3.76682
3.99208
4.32581
4.32581
3.54042
3.34063
3.65431
2.90999
3.3847
4.93756
4.03751
3.02305
4.96183
3.65431
3.3847
3.42629
4.55382
3.114
1.90639
1.82571
2.99483
8.00536
2.48518
4.58574
3.59462
3.63139
4.34647
3.96273
4.12847
3.65431
4.0844
7.43916
2.99483
3.51125
4.65746
3.65431
2.75425
4.24215
3.99208
3.22896
2.6951
3.72308
3.84551
3.22896
3.70066
3.76682
4.15781
3.1796
2.9589
4.69177
5.24413
3.30591
4.55382
3.51125
2.9589
3.22896
3.75795
2.8673
5.75188
2.73091
2.38096
8.10602
2.6951
4.01351
3.65431
2.47255
3.76682
4.06231
5.27501
2.48885
3.47639
3.40678
4.8714
4.15781
4.01351
3.22896
3.3847
2.72523
3.27651
3.3847
3.89435
5.01625
2.25717
4.55382
4.6018
5.38718
2.01414
3.49019
2.8673
3.901
4.85201
3.94009
3.11561
2.8673
3.22896
2.01048
3.22896
3.65431
3.8564
2.72523
2.77787
4.15056
2.73188
4.80051
2.86892
2.48518
2.8673
2.48518
7.88393
3.65431
3.1796
4.84954
3.55635
2.73091
3.85843
3.99208
3.901
6.12536
4.70955
3.65431
3.42629
3.76682
3.22896
4.06231
3.22896
5.1612
3.81003
4.11864
4.07912
1.35101
2.48518
1.63718
5.10894
3.84131
2.9589
3.6127
2.47255
3.22896
3.22896
4.55382
2.80591
4.38971
2.73188
4.81716
4.39725
6.81038
4.01417
2.38096
2.99483
4.46285
3.94009
2.8673
5.07551
4.32581
2.80591
3.09257
2.6951
4.98392
3.25104
2.48518
2.48518
4.63251
4.80051
4.59091
2.65683
3.99208
3.63139
4.12847
4.03804
3.49019
3.70066
8.90787
12.9788
3.22896
3.65431
3.3847
4.60018
4.55382
3.51125
2.48518
3.55635
3.22715
4.03804
4.80051
4.42798
3.63504
3.114
3.65431
4.51221
3.63043
3.11561
3.26421
3.3847
3.96136
3.85841
3.68965
3.3847
2.8673
4.03804
3.70228
3.76682
2.38096
4.80051
2.73188
4.98392
3.76682
3.70228
3.65431
4.48766
3.65431
6.2521
2.73188
2.50727
2.47255
2.8673
4.95385
3.37208
4.96183
3.3847
5.00938
4.51221
4.32581
3.59462
4.75891
5.10894
3.97836
2.98834
3.76682
4.93756
4.39725
2.65683
2.48518
4.12601
5.38718
2.73188
3.3847
5.07455
5.10894
3.6127
3.25104
4.86225
2.8673
5.17983
3.63139
2.48518
4.55382
5.79536
2.48518
2.48518
3.96273
3.65431
2.21924
2.48518
3.71466
3.96273
4.80051
3.6127
3.65431
4.22008
2.80591
3.65431
3.07884
6.3471
4.63251
5.33836
4.91247
4.86225
4.74025
3.65431
2.48518
3.55635
5.06385
4.53521
3.85841
3.22896
4.48946
2.65683
3.30249
3.31854
4.57012
4.20717
3.31854
3.96459
3.09257
3.80304
2.47255
3.63504
3.901
3.84131
3.51094
4.79794
3.22896
2.48518
7.38584
2.99483
3.97836
3.49774
2.72523
3.65431
3.3847
3.65348
3.42629
3.15669
3.70066
3.42629
2.65683
4.55382
4.3742
3.15669
2.01048
3.59462
3.3847
3.76844
3.65431
4.19217
3.114
2.84383
3.46339
3.901
3.70132
7.31708
3.65348
3.26421
4.3742
3.76844
4.80051
3.65431
2.48518
5.38718
3.99208
7.42183
3.22036
2.48518
5.77092
3.31854
2.99483
4.03804
1.82571
3.22896
4.91247
3.32554
4.28474
2.65683
3.50032
4.05705
2.48518
4.55382
3.76844
3.65431
3.38468
4.05705
5.38718
8.36378
2.48518
3.22896
3.97836
4.44605
3.97503
3.80304
3.901
4.93756
2.48518
2.86892
3.99208
5.96336
4.80051
2.90352
4.07912
3.114
5.22329
2.48518
2.8673
3.70186
6.4365
1.90639
1.90639
3.70066
7.67882
6.1298
3.84551
7.66463
5.38718
4.59316
2.17049
2.8673
3.9122
3.51125
4.97832
4.57012
3.80304
3.22896
3.97503
3.56628
2.47255
4.41077
3.588
3.3847
3.65431
4.81716
2.25717
3.94009
3.30249
3.85939
4.8641
2.73188
4.38993
3.20559
3.59462
3.96273
3.901
4.12847
3.22896
2.38096
6.07712
4.44605
4.86225
2.6951
3.29265
5.61242
4.55382
4.24215
2.86892
3.47565
3.25104
2.48518
6.55003
4.61418
4.06231
4.03804
2.99483
4.37517
3.84551
2.9589
4.77344
5.44601
3.30591
4.12847
5.60703
4.32085
4.07912
3.70228
4.55382
4.29677
4.10511
3.65431
4.03804
7.172
4.75794
3.76682
2.39422
5.77092
3.27651
4.32581
2.47255
3.3847
3.22896
4.22505
3.83634
2.90352
3.90046
7.01756
4.07912
5.44754
8.22972
3.3847
4.55382
3.90046
4.63251
2.48518
2.17049
1.35101
4.32581
4.48766
2.48518
2.8673
4.48766
5.38718
3.901
2.9589
3.09257
2.38096
3.96459
6.32405
4.55382
8.64369
4.69177
4.96183
4.06231
3.34063
4.26169
1.63718
3.114
3.47639
2.47255
6.96049
5.34557
5.49268
5.69561
2.48518
3.65348
2.86892
3.6127
4.70955
4.03804
2.65683
5.29621
3.114
5.38718
3.65431
5.7221
3.22896
3.63139
5.46589
2.90352
5.55725
2.48518
2.8673
2.65683
3.89435
3.70228
3.65431
2.55422
3.97836
3.114
3.901
6.10041
2.75396
4.93756
3.25104
2.99483
4.01351
3.3847
5.1612
2.6951
1.90639
2.12353
3.0485
3.63504
1.35101
3.901
4.15056
4.86225
3.3847
4.63251
3.93711
3.96273
3.114
4.63663
3.31854
2.99483
4.51221
3.3847
2.01048
5.07551
3.76682
4.81716
5.28945
3.3847
4.20942
3.02305
4.48766
4.80051
3.65431
4.11864
3.47469
2.65683
2.38096
3.71466
4.37517
2.21924
3.02305
3.49019
2.01048
4.01351
3.31854
3.3847
3.5232
6.99259
2.38096
4.75891
2.72523
2.38096
3.70228
3.85841
3.70186
2.98869
4.80051
3.31854
3.67639
3.22896
4.37582
3.47565
2.85629
4.8641
7.80048
4.48713
4.95624
3.84992
3.3847
4.17603
2.41718
4.55382
5.44754
2.90999
4.12667
4.01513
4.29677
5.22156
3.09257
3.76682
7.38584
4.93756
4.28474
2.9589
5.42454
6.83008
2.12353
2.99483
3.15669
2.48518
4.55382
3.3847
3.3847
4.30974
3.11561
7.03402
4.48766
3.901
5.67319
4.55382
5.24413
2.7647
3.56628
4.12847
3.22896
3.63504
3.22896
4.55382
3.94009
3.11561
2.73188
3.49019
5.55725
3.80304
2.90352
4.04484
3.02305
4.55382
3.76682
3.33092
3.65431
3.22896
3.8564
4.0844
2.25717
4.48766
2.9589
3.99208
3.3847
4.99732
4.94279
4.28474
3.3847
5.42454
4.12847
4.69177
1.90639
4.12847
4.11864
4.55382
6.54286
3.65431
2.48518
2.62765
3.59462
3.63139
2.8673
4.77367
3.15669
4.6018
2.65683
5.1612
3.114
4.26169
4.80051
2.80392
3.93711
2.12353
2.47255
7.98166
4.86087
4.28474
